[[0, 3783, 1571, 1588, 3792, 4493, 5536, 5105, 4810, 3076],
 [3409, 33, 3524, 4128, 1322, 4154, 3149, 1501, 3023, 1014],
 [1403, 3150, 0, 1806, 2387, 5126, 4371, 3872, 3585, 2719],
 [1636, 4253, 2036, 0, 3447, 3611, 3607, 4329, 2766, 3969],
 [3317, 1020, 2433, 3375, 0, 4002, 2828, 1548, 2700, 1365],
 [5119, 3900, 4726, 4060, 3877, 0, 1603, 3221, 1942, 4349],
 [4907, 2831, 4320, 3604, 2783, 1420, 0, 2208, 1012, 2875],
 [4174, 1306, 3755, 3816, 1567, 3523, 2358, 0, 2215, 1775],
 [4367, 2359, 3328, 2779, 2322, 2027, 1032, 2057, 0, 2802],
 [2899, 1147, 2922, 4077, 1156, 4052, 3735, 2080, 3597, 0]]
